96 66 31 50 51 52 81 89 69 13 59 37 22 11 72 87 79 23 29 46 27 65 92 98 39 96 78 55 55 42
27 57 23 54 25 38 60 36 61 24 62 25 66 60 47 24 59 75 57 25 44 46 37 49 52 37 33 72 31 73
44 30 35 35 41 29 34 39 36 39 36 37 36 40 39 43 28 25 43 29 30 26 27 41 44 44 31 28 35 31
76 29 54 56 68 76 17 43 8 18 22 5 13 91 33 25 31 46 16 41 9 34 24 73 74 26 23 29 89 54
42 46 71 71 47 29 68 15 23 40 15 49 43 23 13 51 40 70 22 37 26 53 65 71 47 13 57 16 15 34
61 66 40 56 72 78 63 57 65 48 35 41 81 79 71 58 73 55 47 77 36 66 65 49 62 37 37 57 39 62
79 61 60 74 71 86 45 72 87 78 68 51 81 60 62 59 82 71 70 46 52 56 86 63 48 64 64 68 74 74
45 26 31 19 18 22 63 47 42 37 27 15 54 15 46 54 30 64 16 40 30 48 40 63 17 62 53 33 30 49
32 74 74 48 71 39 49 57 56 49 59 35 76 68 58 77 69 35 29 51 47 72 74 44 72 22 32 70 57 30
10 72 71 78 49 34 61 66 73 80 48 74 61 54 64 68 68 52 43 14 23 34 33 42 68 57 57 87 86 55
84 80 90 53 38 59 61 59 86 93 58 86 35 50 62 72 27 40 95 45 93 25 65 51 86 71 51 81 53 84
89 63 73 62 74 61 86 64 93 67 85 75 64 79 80 67 58 71 82 82 76 94 71 63 60 69 68 57 83 78